g1<-1:100
g1
